version = 'MMult_4x4_15';
MY_MMult = [
40 1.600000e+01 2.664535e-15 
80 2.497561e+01 7.105427e-15 
120 2.618182e+01 1.065814e-14 
160 2.552025e+01 1.421085e-14 
200 2.610114e+01 2.131628e-14 
240 2.638168e+01 2.486900e-14 
280 2.604033e+01 2.842171e-14 
320 2.633025e+01 3.552714e-14 
360 2.635932e+01 4.973799e-14 
400 2.612778e+01 4.973799e-14 
440 2.631979e+01 4.973799e-14 
480 2.649862e+01 6.039613e-14 
520 2.593526e+01 6.394885e-14 
560 2.629376e+01 6.750156e-14 
600 2.630938e+01 7.460699e-14 
640 2.635010e+01 8.171241e-14 
680 2.632552e+01 9.237056e-14 
720 2.639007e+01 1.101341e-13 
760 2.644991e+01 1.065814e-13 
800 2.633542e+01 8.881784e-14 
];
