version = 'MMult_1x4_4';
MY_MMult = [
40 2.976744e+00 0.000000e+00 
80 3.820896e+00 0.000000e+00 
120 3.501520e+00 0.000000e+00 
160 3.268955e+00 0.000000e+00 
200 3.194888e+00 0.000000e+00 
240 3.148616e+00 0.000000e+00 
280 3.102537e+00 0.000000e+00 
320 3.010381e+00 0.000000e+00 
360 3.085102e+00 0.000000e+00 
400 3.066015e+00 0.000000e+00 
440 3.035402e+00 0.000000e+00 
480 3.008324e+00 0.000000e+00 
520 2.996505e+00 0.000000e+00 
560 2.993106e+00 0.000000e+00 
600 2.983590e+00 0.000000e+00 
640 2.974279e+00 0.000000e+00 
680 2.982759e+00 0.000000e+00 
720 2.969450e+00 0.000000e+00 
760 2.969204e+00 0.000000e+00 
800 2.976260e+00 0.000000e+00 
];
