version = 'MMult_4x4_8';
MY_MMult = [
40 1.066667e+01 2.664535e-15 
80 1.077895e+01 7.105427e-15 
120 1.066667e+01 1.065814e-14 
160 1.068057e+01 1.421085e-14 
200 1.056106e+01 1.421085e-14 
240 1.058905e+01 1.776357e-14 
280 1.056400e+01 1.776357e-14 
320 1.052787e+01 2.842171e-14 
360 1.058199e+01 2.309264e-14 
400 1.056803e+01 2.842171e-14 
440 1.058844e+01 3.197442e-14 
480 1.056679e+01 3.907985e-14 
520 1.052652e+01 3.907985e-14 
560 1.058023e+01 4.618528e-14 
600 1.055925e+01 4.263256e-14 
640 1.056393e+01 4.440892e-14 
680 1.054292e+01 5.329071e-14 
720 1.057599e+01 4.973799e-14 
760 1.053521e+01 4.973799e-14 
800 1.054757e+01 4.973799e-14 
];
