version = 'MMult_4x4_13';
MY_MMult = [
40 1.422222e+01 2.664535e-15 
80 2.048000e+01 7.105427e-15 
120 2.658462e+01 1.065814e-14 
160 2.592405e+01 1.421085e-14 
200 2.627258e+01 2.131628e-14 
240 2.671304e+01 2.486900e-14 
280 2.608675e+01 2.842171e-14 
320 2.625641e+01 3.552714e-14 
360 2.637422e+01 4.973799e-14 
400 2.621339e+01 4.973799e-14 
440 2.616216e+01 4.973799e-14 
480 2.619732e+01 6.039613e-14 
520 2.557439e+01 6.394885e-14 
560 2.591927e+01 6.750156e-14 
600 2.586981e+01 7.460699e-14 
640 2.595357e+01 8.171241e-14 
680 2.588237e+01 9.237056e-14 
720 2.594613e+01 1.101341e-13 
760 2.601108e+01 1.065814e-13 
800 2.577722e+01 8.881784e-14 
];
