version = 'MMult_1x4_7';
MY_MMult = [
40 7.529412e+00 2.664535e-15 
80 9.061947e+00 7.105427e-15 
120 9.988439e+00 1.065814e-14 
160 9.869880e+00 1.421085e-14 
200 1.003135e+01 1.421085e-14 
240 9.963243e+00 1.776357e-14 
280 9.441720e+00 1.776357e-14 
320 9.093381e+00 2.842171e-14 
360 8.723193e+00 2.309264e-14 
400 8.419945e+00 2.842171e-14 
440 8.092338e+00 3.197442e-14 
480 8.002315e+00 3.907985e-14 
520 7.952716e+00 3.907985e-14 
560 7.920263e+00 4.618528e-14 
600 7.986541e+00 4.263256e-14 
640 7.944480e+00 4.440892e-14 
680 7.944917e+00 5.329071e-14 
720 7.976748e+00 4.973799e-14 
760 7.985883e+00 4.973799e-14 
800 7.984592e+00 4.973799e-14 
];
