version = 'MMult_4x4_6';
MY_MMult = [
40 7.111111e+00 2.664535e-15 
80 1.137778e+01 7.105427e-15 
120 1.148173e+01 1.065814e-14 
160 1.136200e+01 1.421085e-14 
200 1.139601e+01 1.421085e-14 
240 1.130798e+01 1.776357e-14 
280 1.118858e+01 1.776357e-14 
320 1.110591e+01 2.842171e-14 
360 1.103370e+01 2.309264e-14 
400 1.107650e+01 2.842171e-14 
440 1.109672e+01 3.197442e-14 
480 1.106363e+01 3.907985e-14 
520 1.106148e+01 3.907985e-14 
560 1.106138e+01 4.618528e-14 
600 1.103758e+01 4.263256e-14 
640 1.112571e+01 4.440892e-14 
680 1.101956e+01 5.329071e-14 
720 1.101238e+01 4.973799e-14 
760 1.102927e+01 4.973799e-14 
800 1.101585e+01 4.973799e-14 
];
