version = 'MMult_4x4_4';
MY_MMult = [
40 3.121951e+00 0.000000e+00 
80 3.670251e+00 0.000000e+00 
120 3.452547e+00 0.000000e+00 
160 3.216333e+00 0.000000e+00 
200 3.177756e+00 0.000000e+00 
240 3.123362e+00 0.000000e+00 
280 3.100346e+00 0.000000e+00 
320 3.065581e+00 0.000000e+00 
360 3.074936e+00 0.000000e+00 
400 3.062054e+00 0.000000e+00 
440 3.044732e+00 0.000000e+00 
480 3.040246e+00 0.000000e+00 
520 3.011168e+00 0.000000e+00 
560 3.003035e+00 0.000000e+00 
600 3.000979e+00 0.000000e+00 
640 2.997542e+00 0.000000e+00 
680 2.998131e+00 0.000000e+00 
720 2.994056e+00 0.000000e+00 
760 2.994890e+00 0.000000e+00 
800 2.987130e+00 0.000000e+00 
];
