version = 'MMult_4x4_12';
MY_MMult = [
40 1.066667e+01 2.664535e-15 
80 1.402740e+01 7.105427e-15 
120 1.416393e+01 1.065814e-14 
160 1.465474e+01 1.421085e-14 
200 1.474654e+01 2.131628e-14 
240 1.425155e+01 2.486900e-14 
280 1.424067e+01 2.842171e-14 
320 1.454094e+01 3.552714e-14 
360 1.447820e+01 4.973799e-14 
400 1.445185e+01 4.973799e-14 
440 1.442696e+01 4.973799e-14 
480 1.449341e+01 6.039613e-14 
520 1.423734e+01 6.394885e-14 
560 1.427424e+01 6.750156e-14 
600 1.437604e+01 7.460699e-14 
640 1.436091e+01 8.171241e-14 
680 1.445631e+01 9.237056e-14 
720 1.428646e+01 1.101341e-13 
760 1.432853e+01 1.065814e-13 
800 1.425787e+01 8.881784e-14 
];
