version = 'MMult_1x4_3';
MY_MMult = [
40 3.282051e+00 0.000000e+00 
80 3.820896e+00 0.000000e+00 
120 3.522936e+00 0.000000e+00 
160 3.312576e+00 0.000000e+00 
200 3.214788e+00 0.000000e+00 
240 3.191136e+00 0.000000e+00 
280 3.146563e+00 0.000000e+00 
320 2.968385e+00 0.000000e+00 
360 3.082045e+00 0.000000e+00 
400 3.062934e+00 0.000000e+00 
440 3.069638e+00 0.000000e+00 
480 3.035323e+00 0.000000e+00 
520 3.003674e+00 0.000000e+00 
560 3.018494e+00 0.000000e+00 
600 3.002231e+00 0.000000e+00 
640 3.006014e+00 0.000000e+00 
680 3.007063e+00 0.000000e+00 
720 2.991476e+00 0.000000e+00 
760 2.978289e+00 0.000000e+00 
800 2.995361e+00 0.000000e+00 
];
