version = 'MMult_4x4_14';
MY_MMult = [
40 2.133333e+01 2.664535e-15 
80 2.497561e+01 7.105427e-15 
120 2.541176e+01 1.065814e-14 
160 2.489970e+01 1.421085e-14 
200 2.539683e+01 2.131628e-14 
240 2.588764e+01 2.486900e-14 
280 2.530490e+01 2.842171e-14 
320 2.535242e+01 3.552714e-14 
360 2.575545e+01 4.973799e-14 
400 2.555400e+01 4.973799e-14 
440 2.573146e+01 4.973799e-14 
480 2.586947e+01 6.039613e-14 
520 2.539884e+01 6.394885e-14 
560 2.550890e+01 6.750156e-14 
600 2.555004e+01 7.460699e-14 
640 2.556380e+01 8.171241e-14 
680 2.562399e+01 9.237056e-14 
720 2.574657e+01 1.101341e-13 
760 2.580694e+01 1.065814e-13 
800 2.555081e+01 8.881784e-14 
];
