version = 'MMult_4x4_3';
MY_MMult = [
40 3.459459e+00 0.000000e+00 
80 3.670251e+00 0.000000e+00 
120 3.411649e+00 0.000000e+00 
160 3.207518e+00 0.000000e+00 
200 3.139717e+00 0.000000e+00 
240 3.092963e+00 0.000000e+00 
280 3.074510e+00 0.000000e+00 
320 3.007204e+00 0.000000e+00 
360 3.030102e+00 0.000000e+00 
400 3.018370e+00 0.000000e+00 
440 2.998223e+00 0.000000e+00 
480 2.950812e+00 0.000000e+00 
520 2.961571e+00 0.000000e+00 
560 2.955652e+00 0.000000e+00 
600 2.963491e+00 0.000000e+00 
640 2.962950e+00 0.000000e+00 
680 2.972368e+00 0.000000e+00 
720 2.951755e+00 0.000000e+00 
760 2.947147e+00 0.000000e+00 
800 2.947611e+00 0.000000e+00 
];
