version = 'MMult_4x4_7';
MY_MMult = [
40 8.533333e+00 2.664535e-15 
80 1.137778e+01 7.105427e-15 
120 1.136842e+01 1.065814e-14 
160 1.134626e+01 1.421085e-14 
200 1.133948e+01 1.421085e-14 
240 1.118447e+01 1.776357e-14 
280 1.116866e+01 1.776357e-14 
320 1.114747e+01 2.842171e-14 
360 1.110725e+01 2.309264e-14 
400 1.108417e+01 2.842171e-14 
440 1.114682e+01 3.197442e-14 
480 1.114558e+01 3.907985e-14 
520 1.118911e+01 3.907985e-14 
560 1.116192e+01 4.618528e-14 
600 1.107494e+01 4.263256e-14 
640 1.110968e+01 4.440892e-14 
680 1.109597e+01 5.329071e-14 
720 1.110246e+01 4.973799e-14 
760 1.101391e+01 4.973799e-14 
800 1.109137e+01 4.973799e-14 
];
