version = 'MMult2';
MY_MMult = [
40 3.368421e+00 0.000000e+00 
80 3.670251e+00 0.000000e+00 
120 3.449102e+00 0.000000e+00 
160 3.215071e+00 0.000000e+00 
200 3.172715e+00 0.000000e+00 
240 3.117727e+00 0.000000e+00 
280 3.111111e+00 0.000000e+00 
320 2.934623e+00 0.000000e+00 
360 3.070989e+00 0.000000e+00 
400 3.042982e+00 0.000000e+00 
440 3.028549e+00 0.000000e+00 
480 2.981801e+00 0.000000e+00 
520 2.970205e+00 0.000000e+00 
560 2.995173e+00 0.000000e+00 
600 2.989888e+00 0.000000e+00 
640 2.996171e+00 0.000000e+00 
680 2.987960e+00 0.000000e+00 
720 2.978918e+00 0.000000e+00 
760 2.949027e+00 0.000000e+00 
800 2.980548e+00 0.000000e+00 
];
