version = 'MMult0';
MY_MMult = [
40 2.844444e+00 0.000000e+00 
80 3.849624e+00 0.000000e+00 
120 3.519348e+00 0.000000e+00 
160 3.201250e+00 0.000000e+00 
200 3.069250e+00 0.000000e+00 
240 3.039244e+00 0.000000e+00 
280 3.023275e+00 0.000000e+00 
320 3.009828e+00 0.000000e+00 
360 3.012299e+00 0.000000e+00 
400 2.987513e+00 0.000000e+00 
440 2.983155e+00 0.000000e+00 
480 2.952663e+00 0.000000e+00 
520 2.964350e+00 0.000000e+00 
560 2.928129e+00 0.000000e+00 
600 2.923759e+00 0.000000e+00 
640 2.963134e+00 0.000000e+00 
680 2.931275e+00 0.000000e+00 
720 2.934351e+00 0.000000e+00 
760 2.935744e+00 0.000000e+00 
800 2.939893e+00 0.000000e+00 
];
