version = 'MMult_1x4_6';
MY_MMult = [
40 8.533333e+00 2.664535e-15 
80 9.846154e+00 7.105427e-15 
120 9.959654e+00 1.065814e-14 
160 9.752381e+00 1.421085e-14 
200 9.882644e+00 1.421085e-14 
240 9.745506e+00 1.776357e-14 
280 9.462069e+00 1.776357e-14 
320 9.073238e+00 2.842171e-14 
360 8.741171e+00 2.309264e-14 
400 8.468969e+00 2.842171e-14 
440 8.168776e+00 3.197442e-14 
480 8.103165e+00 3.907985e-14 
520 8.068168e+00 3.907985e-14 
560 8.044525e+00 4.618528e-14 
600 8.064065e+00 4.263256e-14 
640 8.060017e+00 4.440892e-14 
680 8.016930e+00 5.329071e-14 
720 8.046132e+00 4.973799e-14 
760 8.032498e+00 4.973799e-14 
800 8.038749e+00 4.973799e-14 
];
