version = 'MMult_4x4_11';
MY_MMult = [
40 1.828571e+01 2.664535e-15 
80 2.381395e+01 7.105427e-15 
120 2.351020e+01 1.065814e-14 
160 2.314124e+01 1.421085e-14 
200 2.339181e+01 2.131628e-14 
240 2.311706e+01 2.486900e-14 
280 2.293835e+01 2.842171e-14 
320 2.309232e+01 3.552714e-14 
360 2.337475e+01 4.973799e-14 
400 2.304230e+01 4.973799e-14 
440 2.296065e+01 4.973799e-14 
480 2.315335e+01 6.039613e-14 
520 2.267505e+01 6.394885e-14 
560 2.289200e+01 6.750156e-14 
600 2.279563e+01 7.460699e-14 
640 2.293674e+01 8.171241e-14 
680 2.288359e+01 9.237056e-14 
720 2.318527e+01 1.101341e-13 
760 2.293740e+01 1.065814e-13 
800 2.290110e+01 8.881784e-14 
];
