version = 'MMult_4x4_10';
MY_MMult = [
40 1.600000e+01 2.664535e-15 
80 2.381395e+01 7.105427e-15 
120 2.367123e+01 1.065814e-14 
160 2.262983e+01 1.421085e-14 
200 2.209945e+01 1.421085e-14 
240 2.123502e+01 1.776357e-14 
280 2.006581e+01 1.776357e-14 
320 1.978147e+01 2.842171e-14 
360 1.967777e+01 2.309264e-14 
400 1.949140e+01 2.842171e-14 
440 1.961409e+01 3.197442e-14 
480 1.958420e+01 3.907985e-14 
520 1.960787e+01 3.907985e-14 
560 1.944699e+01 4.618528e-14 
600 1.959450e+01 4.263256e-14 
640 1.958564e+01 4.440892e-14 
680 1.965507e+01 5.329071e-14 
720 1.959050e+01 4.973799e-14 
760 1.959496e+01 4.973799e-14 
800 1.946583e+01 4.973799e-14 
];
