version = 'MMult_1x4_8';
MY_MMult = [
40 8.000000e+00 2.664535e-15 
80 1.003922e+01 7.105427e-15 
120 1.028571e+01 1.065814e-14 
160 1.033039e+01 1.421085e-14 
200 1.024328e+01 1.421085e-14 
240 1.017968e+01 1.776357e-14 
280 1.018182e+01 1.776357e-14 
320 9.860969e+00 2.842171e-14 
360 9.555760e+00 2.309264e-14 
400 9.069009e+00 2.842171e-14 
440 8.618373e+00 3.197442e-14 
480 8.311751e+00 3.907985e-14 
520 8.101873e+00 3.907985e-14 
560 7.989991e+00 4.618528e-14 
600 7.929807e+00 4.263256e-14 
640 7.894952e+00 4.440892e-14 
680 7.876060e+00 5.329071e-14 
720 7.860252e+00 4.973799e-14 
760 7.877895e+00 4.973799e-14 
800 7.881349e+00 4.973799e-14 
];
