version = 'MMult1';
MY_MMult = [
40 3.368421e+00 0.000000e+00 
80 3.835206e+00 0.000000e+00 
120 3.592516e+00 0.000000e+00 
160 3.383726e+00 0.000000e+00 
200 3.279361e+00 0.000000e+00 
240 3.226891e+00 0.000000e+00 
280 3.175007e+00 0.000000e+00 
320 2.976068e+00 0.000000e+00 
360 3.074024e+00 0.000000e+00 
400 3.070870e+00 0.000000e+00 
440 3.067262e+00 0.000000e+00 
480 3.024656e+00 0.000000e+00 
520 3.041817e+00 0.000000e+00 
560 3.027653e+00 0.000000e+00 
600 3.026333e+00 0.000000e+00 
640 3.013565e+00 0.000000e+00 
680 3.017364e+00 0.000000e+00 
720 3.013370e+00 0.000000e+00 
760 3.001186e+00 0.000000e+00 
800 3.005312e+00 0.000000e+00 
];
