version = 'MMult_4x4_5';
MY_MMult = [
40 2.723404e+00 0.000000e+00 
80 5.197970e+00 0.000000e+00 
120 5.374806e+00 0.000000e+00 
160 5.298836e+00 0.000000e+00 
200 5.289256e+00 0.000000e+00 
240 5.267289e+00 0.000000e+00 
280 5.259224e+00 0.000000e+00 
320 5.178255e+00 0.000000e+00 
360 5.194100e+00 0.000000e+00 
400 5.188067e+00 0.000000e+00 
440 5.165797e+00 0.000000e+00 
480 5.188215e+00 0.000000e+00 
520 5.169412e+00 0.000000e+00 
560 5.170118e+00 0.000000e+00 
600 5.159626e+00 0.000000e+00 
640 5.171819e+00 0.000000e+00 
680 5.147240e+00 0.000000e+00 
720 5.163061e+00 0.000000e+00 
760 5.149460e+00 0.000000e+00 
800 5.173546e+00 0.000000e+00 
];
