version = 'MMult_1x4_9';
MY_MMult = [
40 6.095238e+00 2.664535e-15 
80 8.904348e+00 7.105427e-15 
120 1.037838e+01 1.065814e-14 
160 1.042239e+01 1.421085e-14 
200 1.039636e+01 1.421085e-14 
240 1.031642e+01 1.776357e-14 
280 9.664099e+00 1.776357e-14 
320 9.967452e+00 2.842171e-14 
360 9.640665e+00 2.309264e-14 
400 9.152664e+00 2.842171e-14 
440 8.693132e+00 3.197442e-14 
480 8.418360e+00 3.907985e-14 
520 8.165863e+00 3.907985e-14 
560 8.050425e+00 4.618528e-14 
600 7.989643e+00 4.263256e-14 
640 7.938465e+00 4.440892e-14 
680 7.942208e+00 5.329071e-14 
720 7.873683e+00 4.973799e-14 
760 7.927403e+00 4.973799e-14 
800 7.854688e+00 4.973799e-14 
];
