version = 'MMult_1x4_5';
MY_MMult = [
40 2.976744e+00 0.000000e+00 
80 3.075075e+00 0.000000e+00 
120 3.039578e+00 0.000000e+00 
160 3.015090e+00 0.000000e+00 
200 3.017729e+00 0.000000e+00 
240 3.024945e+00 0.000000e+00 
280 3.018494e+00 0.000000e+00 
320 2.996479e+00 0.000000e+00 
360 3.014246e+00 0.000000e+00 
400 2.992682e+00 0.000000e+00 
440 2.939762e+00 0.000000e+00 
480 2.955701e+00 0.000000e+00 
520 2.995484e+00 0.000000e+00 
560 2.997551e+00 0.000000e+00 
600 2.978078e+00 0.000000e+00 
640 2.983130e+00 0.000000e+00 
680 2.990717e+00 0.000000e+00 
720 2.993720e+00 0.000000e+00 
760 2.940779e+00 0.000000e+00 
800 2.978207e+00 0.000000e+00 
];
